Class frequencies:
client,class0,class1,class2,class3,class4,class5,class6,class7,class8,class9,Amount
Client   0,0.298,0.00,0.00,0.00,0.00,0.375,0.00,0.00,0.327,0.00,496
Client   1,0.00,0.321,0.00,0.00,0.00,0.358,0.00,0.00,0.00,0.321,520
Client   2,0.307,0.346,0.346,0.00,0.00,0.00,0.00,0.00,0.00,0.00,482
Client   3,0.00,0.00,0.00,0.337,0.00,0.00,0.377,0.286,0.00,0.00,531
Client   4,0.00,0.00,0.340,0.00,0.320,0.00,0.00,0.00,0.00,0.340,491
Client   5,0.00,0.00,0.327,0.00,0.308,0.365,0.00,0.00,0.00,0.00,510
Client   6,0.00,0.00,0.319,0.00,0.300,0.00,0.382,0.00,0.00,0.00,524
Client   7,0.00,0.00,0.00,0.00,0.330,0.00,0.00,0.319,0.00,0.351,476
Client   8,0.00,0.347,0.00,0.00,0.00,0.00,0.00,0.316,0.337,0.00,481
Client   9,0.286,0.00,0.00,0.00,0.00,0.00,0.389,0.00,0.00,0.325,514
Client  10,0.315,0.00,0.00,0.00,0.00,0.00,0.00,0.326,0.00,0.358,466
Client  11,0.00,0.313,0.00,0.00,0.00,0.00,0.375,0.00,0.00,0.313,534
Client  12,0.306,0.347,0.347,0.00,0.00,0.00,0.00,0.00,0.00,0.00,481
Client  13,0.00,0.329,0.00,0.352,0.00,0.00,0.00,0.00,0.319,0.00,508
Client  14,0.00,0.00,0.00,0.359,0.315,0.00,0.00,0.00,0.325,0.00,498
Client  15,0.00,0.00,0.00,0.00,0.00,0.361,0.00,0.00,0.315,0.324,515
Client  16,0.00,0.00,0.00,0.337,0.00,0.00,0.377,0.286,0.00,0.00,531
Client  17,0.00,0.00,0.00,0.00,0.00,0.346,0.372,0.283,0.00,0.00,538
Client  18,0.00,0.337,0.00,0.00,0.00,0.00,0.00,0.00,0.327,0.337,496
Client  19,0.00,0.00,0.00,0.356,0.312,0.00,0.00,0.00,0.00,0.332,503
Client  20,0.309,0.351,0.00,0.00,0.00,0.00,0.00,0.00,0.340,0.00,476
Client  21,0.312,0.355,0.00,0.00,0.333,0.00,0.00,0.00,0.00,0.00,471
Client  22,0.00,0.00,0.326,0.349,0.00,0.00,0.00,0.00,0.00,0.326,513
Client  23,0.298,0.00,0.339,0.363,0.00,0.00,0.00,0.00,0.00,0.00,493
Client  24,0.00,0.00,0.340,0.00,0.320,0.00,0.00,0.00,0.00,0.340,491
Client  25,0.00,0.00,0.00,0.00,0.00,0.367,0.00,0.302,0.00,0.331,504
Client  26,0.00,0.00,0.00,0.00,0.00,0.00,0.378,0.00,0.306,0.316,529
Client  27,0.00,0.00,0.00,0.368,0.320,0.00,0.00,0.312,0.00,0.00,487
Client  28,0.00,0.00,0.00,0.00,0.00,0.360,0.00,0.00,0.315,0.325,514
Client  29,0.00,0.00,0.00,0.328,0.00,0.00,0.366,0.00,0.00,0.306,546
Client  30,0.309,0.00,0.352,0.00,0.00,0.00,0.00,0.00,0.339,0.00,475
Client  31,0.00,0.344,0.00,0.00,0.00,0.00,0.00,0.313,0.00,0.344,486
Client  32,0.00,0.00,0.335,0.359,0.00,0.00,0.00,0.305,0.00,0.00,498
Client  33,0.302,0.00,0.00,0.368,0.00,0.00,0.00,0.00,0.331,0.00,487
Client  34,0.00,0.352,0.00,0.00,0.328,0.00,0.00,0.320,0.00,0.00,475
Client  35,0.00,0.315,0.00,0.337,0.00,0.348,0.00,0.00,0.00,0.00,531
Client  36,0.289,0.00,0.00,0.00,0.00,0.00,0.394,0.00,0.317,0.00,508
Client  37,0.00,0.00,0.00,0.00,0.307,0.00,0.394,0.299,0.00,0.00,508
Client  38,0.00,0.00,0.00,0.00,0.00,0.339,0.366,0.00,0.295,0.00,546
Client  39,0.00,0.00,0.322,0.00,0.00,0.356,0.00,0.00,0.00,0.322,519
Client  40,0.320,0.00,0.00,0.00,0.00,0.00,0.00,0.330,0.350,0.00,460
Client  41,0.00,0.352,0.00,0.00,0.328,0.00,0.00,0.320,0.00,0.00,475
Client  42,0.00,0.00,0.352,0.00,0.328,0.00,0.00,0.320,0.00,0.00,475
Client  43,0.298,0.00,0.00,0.363,0.00,0.00,0.00,0.00,0.00,0.339,493
Client  44,0.313,0.00,0.355,0.00,0.332,0.00,0.00,0.00,0.00,0.00,470
Client  45,0.00,0.331,0.00,0.00,0.00,0.367,0.00,0.302,0.00,0.00,504
Client  46,0.00,0.00,0.00,0.00,0.00,0.00,0.385,0.293,0.00,0.322,519
Client  47,0.00,0.00,0.00,0.00,0.333,0.00,0.00,0.323,0.344,0.00,468
Client  48,0.309,0.352,0.00,0.00,0.00,0.00,0.00,0.00,0.339,0.00,475
Client  49,0.00,0.00,0.337,0.00,0.00,0.00,0.00,0.00,0.325,0.337,495
Client  50,0.298,0.339,0.00,0.363,0.00,0.00,0.00,0.00,0.00,0.00,493
Client  51,0.00,0.344,0.344,0.00,0.00,0.00,0.00,0.311,0.00,0.00,485
Client  52,0.286,0.00,0.325,0.00,0.00,0.00,0.389,0.00,0.00,0.00,514
Client  53,0.00,0.00,0.326,0.350,0.00,0.00,0.00,0.00,0.00,0.324,512
Client  54,0.00,0.00,0.319,0.00,0.298,0.00,0.382,0.00,0.00,0.00,523
Client  55,0.304,0.00,0.00,0.00,0.00,0.383,0.00,0.313,0.00,0.00,483
Client  56,0.00,0.303,0.00,0.00,0.00,0.335,0.362,0.00,0.00,0.00,552
Client  57,0.00,0.00,0.00,0.00,0.308,0.00,0.394,0.298,0.00,0.00,507
Client  58,0.289,0.00,0.00,0.00,0.00,0.00,0.394,0.00,0.317,0.00,508
Client  59,0.00,0.322,0.00,0.00,0.00,0.357,0.00,0.00,0.00,0.320,518
Client  60,0.306,0.347,0.347,0.00,0.00,0.00,0.00,0.00,0.00,0.00,481
Client  61,0.00,0.327,0.00,0.00,0.308,0.365,0.00,0.00,0.00,0.00,507
Client  62,0.316,0.00,0.359,0.00,0.00,0.00,0.00,0.325,0.00,0.00,465
Client  63,0.00,0.00,0.00,0.354,0.00,0.00,0.00,0.00,0.318,0.328,506
Client  64,0.00,0.00,0.00,0.00,0.317,0.376,0.00,0.307,0.00,0.00,492
Client  65,0.295,0.00,0.00,0.00,0.00,0.371,0.00,0.00,0.00,0.333,498
Client  66,0.00,0.00,0.00,0.327,0.00,0.00,0.368,0.00,0.00,0.305,544
Client  67,0.00,0.351,0.00,0.00,0.330,0.00,0.00,0.319,0.00,0.00,473
Client  68,0.00,0.00,0.00,0.00,0.302,0.00,0.387,0.00,0.311,0.00,517
Client  69,0.00,0.00,0.337,0.00,0.00,0.00,0.00,0.00,0.327,0.337,493
Client  70,0.304,0.00,0.00,0.00,0.00,0.383,0.00,0.313,0.00,0.00,483
Client  71,0.00,0.327,0.00,0.00,0.308,0.365,0.00,0.00,0.00,0.00,507
Client  72,0.00,0.00,0.324,0.00,0.00,0.361,0.00,0.00,0.314,0.00,512
Client  73,0.00,0.00,0.00,0.340,0.00,0.353,0.00,0.00,0.307,0.00,524
Client  74,0.00,0.344,0.00,0.00,0.323,0.00,0.00,0.00,0.333,0.00,483
Client  75,0.304,0.00,0.00,0.00,0.00,0.383,0.00,0.313,0.00,0.00,483
Client  76,0.00,0.00,0.00,0.333,0.292,0.00,0.375,0.00,0.00,0.00,534
Client  77,0.317,0.00,0.358,0.00,0.00,0.00,0.00,0.325,0.00,0.00,464
Client  78,0.00,0.00,0.00,0.340,0.00,0.353,0.00,0.00,0.307,0.00,524
Client  79,0.00,0.333,0.333,0.00,0.00,0.00,0.00,0.00,0.00,0.333,498
Client  80,0.306,0.00,0.00,0.370,0.324,0.00,0.00,0.00,0.00,0.00,481
Client  81,0.287,0.324,0.00,0.00,0.00,0.00,0.390,0.00,0.00,0.00,513
Client  82,0.317,0.00,0.358,0.00,0.00,0.00,0.00,0.325,0.00,0.00,464
Client  83,0.00,0.00,0.329,0.352,0.00,0.00,0.00,0.00,0.319,0.00,505
Client  84,0.306,0.00,0.00,0.370,0.324,0.00,0.00,0.00,0.00,0.00,481
Client  85,0.00,0.00,0.00,0.00,0.311,0.369,0.00,0.00,0.321,0.00,502
Client  86,0.00,0.00,0.312,0.00,0.00,0.00,0.376,0.00,0.00,0.312,532
Client  87,0.309,0.00,0.00,0.374,0.00,0.00,0.00,0.317,0.00,0.00,476
Client  88,0.00,0.344,0.00,0.00,0.323,0.00,0.00,0.00,0.333,0.00,483
Client  89,0.00,0.00,0.00,0.327,0.00,0.00,0.368,0.00,0.00,0.305,544
Client  90,0.309,0.00,0.00,0.374,0.00,0.00,0.00,0.317,0.00,0.00,476
Client  91,0.00,0.314,0.00,0.336,0.00,0.350,0.00,0.00,0.00,0.00,529
Client  92,0.313,0.00,0.354,0.00,0.333,0.00,0.00,0.00,0.00,0.00,469
Client  93,0.00,0.00,0.00,0.340,0.00,0.353,0.00,0.00,0.307,0.00,524
Client  94,0.00,0.00,0.00,0.00,0.308,0.00,0.394,0.298,0.00,0.00,507
Client  95,0.00,0.331,0.00,0.00,0.00,0.369,0.00,0.301,0.00,0.00,502
Client  96,0.287,0.00,0.324,0.00,0.00,0.00,0.390,0.00,0.00,0.00,513
Client  97,0.00,0.00,0.347,0.00,0.00,0.00,0.00,0.316,0.337,0.00,478
Client  98,0.00,0.344,0.00,0.00,0.323,0.00,0.00,0.00,0.333,0.00,483
Client  99,0.313,0.00,0.00,0.00,0.333,0.00,0.00,0.00,0.00,0.354,469